# Matter power spectrum P(k) at redshift z=0
# for k=1.04906e-05 to 2118.28 h/Mpc,
# number of wavenumbers equal to 635
#    1:k (h/Mpc)              2:P (Mpc/h)^3        
       1.049057020607e-05       4.738855434419e+01 
       2.342383175674e-05       1.029636873408e+02 
       3.640294017534e-05       1.576354811837e+02 
       4.946310172769e-05       2.119664724371e+02 
       6.264010964761e-05       2.662815092379e+02 
       7.597066588263e-05       3.208269695514e+02 
       8.949271320693e-05       3.758154631094e+02 
       1.032457821521e-04       4.314442167290e+02 
       1.172713572397e-04       4.879045744269e+02 
       1.316132670330e-04       5.453877778284e+02 
       1.463181025322e-04       6.040890278617e+02 
       1.614356683682e-04       6.642107389787e+02 
       1.770194710643e-04       7.259651910979e+02 
       1.931272482408e-04       7.895772601218e+02 
       2.098215419412e-04       8.552866321378e+02 
       2.271703181237e-04       9.233504613786e+02 
       2.452476326021e-04       9.940458408058e+02 
       2.641343411152e-04       1.067672068897e+03 
       2.839188474579e-04       1.144553414373e+03 
       3.046978783783e-04       1.225041384850e+03 
       3.265772668417e-04       1.309517191037e+03 
       3.496727158483e-04       1.398393792881e+03 
       3.741105029017e-04       1.492117635575e+03 
       4.000280701917e-04       1.591169766749e+03 
       4.275744276432e-04       1.696065877831e+03 
       4.569102758037e-04       1.807355293212e+03 
       4.882077345954e-04       1.925618174004e+03 
       5.216495450332e-04       2.051460418225e+03 
       5.574275985540e-04       2.185505863563e+03 
       5.957406488859e-04       2.328385871346e+03 
       6.367910822232e-04       2.480724425475e+03 
       6.807806710644e-04       2.643120568512e+03 
       7.279053217476e-04       2.816126475702e+03 
       7.783489465075e-04       3.000224334410e+03 
       8.322767395368e-04       3.195800006439e+03 
       8.898282925935e-04       3.403118555580e+03 
       9.511111168305e-04       3.622301781591e+03 
       1.016195205181e-03       3.853311411635e+03 
       1.085109240391e-03       4.095938856806e+03 
       1.157838913172e-03       4.349805097411e+03 
       1.234327577774e-03       4.614368342466e+03 
       1.314479183095e-03       4.888943239109e+03 
       1.398163138530e-03       5.172698085780e+03 
       1.485220564818e-03       5.464746223379e+03 
       1.575471279029e-03       5.764144547689e+03 
       1.668720875437e-03       6.069907322338e+03 
       1.764767367745e-03       6.381046609605e+03 
       1.863407013975e-03       6.696594901791e+03 
       1.964439112787e-03       7.015622752180e+03 
       2.067669708242e-03       7.337253758708e+03 
       2.172914251825e-03       7.660671522686e+03 
       2.279999341734e-03       7.985126341170e+03 
       2.388763694444e-03       8.309936134448e+03 
       2.499058511202e-03       8.634485461870e+03 
       2.610747391777e-03       8.958223722741e+03 
       2.723705927760e-03       9.280662545782e+03 
       2.837821083905e-03       9.601367831068e+03 
       2.952990452515e-03       9.919960423740e+03 
       3.069121444671e-03       1.023610688267e+04 
       3.186130464383e-03       1.054951727595e+04 
       3.303942097410e-03       1.085993936255e+04 
       3.422488335566e-03       1.116715645302e+04 
       3.541707849054e-03       1.147098018657e+04 
       3.661545313461e-03       1.177125210566e+04 
       3.781950793880e-03       1.206783506202e+04 
       3.902879185794e-03       1.236061543416e+04 
       4.024289710562e-03       1.264949662919e+04 
       4.146145462240e-03       1.293440108982e+04 
       4.268413001889e-03       1.321526205810e+04 
       4.391061995303e-03       1.349203233808e+04 
       4.514064890048e-03       1.376466825067e+04 
       4.637396627893e-03       1.403314437724e+04 
       4.761034388921e-03       1.429742630450e+04 
       4.884957363891e-03       1.455750969682e+04 
       5.009146551724e-03       1.481339468675e+04 
       5.133584579293e-03       1.506512246907e+04 
       5.258255540981e-03       1.531260314690e+04 
       5.383144855735e-03       1.555588941575e+04 
       5.508239139615e-03       1.579505106903e+04 
       5.633526092051e-03       1.602999228833e+04 
       5.758994394229e-03       1.626087169017e+04 
       5.884633618224e-03       1.648761334690e+04 
       6.010434145637e-03       1.671025372044e+04 
       6.136387094673e-03       1.692879873582e+04 
       6.262484254694e-03       1.714335711065e+04 
       6.388718027420e-03       1.735388691992e+04 
       6.515081374022e-03       1.756046105474e+04 
       6.641567767470e-03       1.776307681970e+04 
       6.768171149564e-03       1.796181516884e+04 
       6.894885892120e-03       1.815668182228e+04 
       7.021706761889e-03       1.834771782638e+04 
       7.148628888796e-03       1.853495463285e+04 
       7.275647737153e-03       1.871843009035e+04 
       7.402759079543e-03       1.889818533064e+04 
       7.529958973090e-03       1.907426440597e+04 
       7.657243737874e-03       1.924669885269e+04 
       7.784609937279e-03       1.941551979133e+04 
       7.912054360083e-03       1.958078712326e+04 
       8.039574004098e-03       1.974251851980e+04 
       8.167166061244e-03       1.990075478807e+04 
       8.294827903879e-03       2.005553377862e+04 
       8.422557072297e-03       2.020690813403e+04 
       8.550351263266e-03       2.035491267878e+04 
       8.678208319512e-03       2.049957572659e+04 
       8.806126220067e-03       2.064093352546e+04 
       8.934103071397e-03       2.077903031430e+04 
       9.062137099239e-03       2.091389928143e+04 
       9.190226641086e-03       2.104558193241e+04 
       9.318370139265e-03       2.117410678958e+04 
       9.446566134548e-03       2.129951385310e+04 
       9.574813260264e-03       2.142184180115e+04 
       9.703110236848e-03       2.154112179563e+04 
       9.831455866816e-03       2.165738602527e+04 
       9.959849030106e-03       2.177067269398e+04 
       1.008828867978e-02       2.188101824812e+04 
       1.021677383801e-02       2.198845488334e+04 
       1.034530359241e-02       2.209301368536e+04 
       1.047387709260e-02       2.219472181497e+04 
       1.060249354702e-02       2.229363514155e+04 
       1.073115221998e-02       2.238976333035e+04 
       1.085985242890e-02       2.248314962950e+04 
       1.098859354182e-02       2.257382555890e+04 
       1.111737497496e-02       2.266182188411e+04 
       1.124619619060e-02       2.274716923893e+04 
       1.137505669497e-02       2.282990199563e+04 
       1.150395603637e-02       2.291004564717e+04 
       1.163289380341e-02       2.298763525001e+04 
       1.176186962338e-02       2.306269895949e+04 
       1.189088316068e-02       2.313527321600e+04 
       1.201993411543e-02       2.320537657387e+04 
       1.214902222212e-02       2.327304982593e+04 
       1.227814724842e-02       2.333830924970e+04 
       1.240730899399e-02       2.340118820711e+04 
       1.253650728945e-02       2.346173333547e+04 
       1.266574199539e-02       2.351995676597e+04 
       1.279501300145e-02       2.357588048376e+04 
       1.292432022545e-02       2.362954658605e+04 
       1.305366361266e-02       2.368097425542e+04 
       1.318304313500e-02       2.373020340843e+04 
       1.331245879044e-02       2.377724154623e+04 
       1.344191060233e-02       2.382213496353e+04 
       1.357139861885e-02       2.386488719510e+04 
       1.370092291248e-02       2.390553653476e+04 
       1.383048357952e-02       2.394411632244e+04 
       1.396008073968e-02       2.398064414245e+04 
       1.408971453561e-02       2.401514508494e+04 
       1.421938513263e-02       2.404765304995e+04 
       1.434909271831e-02       2.407818518366e+04 
       1.447883750224e-02       2.410676967427e+04 
       1.460861971577e-02       2.413341933873e+04 
       1.473843961174e-02       2.415818132942e+04 
       1.486829746429e-02       2.418106416978e+04 
       1.499819356872e-02       2.420209329345e+04 
       1.512812824131e-02       2.422130055606e+04 
       1.525810181920e-02       2.423870383997e+04 
       1.538811466032e-02       2.425433276164e+04 
       1.551816714329e-02       2.426819503078e+04 
       1.564825966739e-02       2.428033431806e+04 
       1.577839265252e-02       2.429075350592e+04 
       1.590856653921e-02       2.429949840429e+04 
       1.603878178863e-02       2.430656461073e+04 
       1.616903888260e-02       2.431199402944e+04 
       1.629933832371e-02       2.431580636274e+04 
       1.642968063532e-02       2.431801574569e+04 
       1.656006636172e-02       2.431866517398e+04 
       1.669049606819e-02       2.431772969346e+04 
       1.682097034118e-02       2.431529593182e+04 
       1.695148978840e-02       2.431132755495e+04 
       1.708205503906e-02       2.430588074802e+04 
       1.721266674398e-02       2.429894401213e+04 
       1.734332557586e-02       2.429058759891e+04 
       1.747403222944e-02       2.428079657614e+04 
       1.760478742177e-02       2.426959639799e+04 
       1.773559189244e-02       2.425700029482e+04 
       1.786644640389e-02       2.424304870260e+04 
       1.799735174162e-02       2.422774458452e+04 
       1.812830871458e-02       2.421111842604e+04 
       1.825931815542e-02       2.419317933011e+04 
       1.839038092085e-02       2.417393688174e+04 
       1.852149789202e-02       2.415344851914e+04 
       1.865266997483e-02       2.413172244916e+04 
       1.878389810036e-02       2.410873770405e+04 
       1.891518322526e-02       2.408456517617e+04 
       1.904652633217e-02       2.405921876148e+04 
       1.917792843016e-02       2.403269291897e+04 
       1.930939055516e-02       2.400499727558e+04 
       1.944091377048e-02       2.397616521378e+04 
       1.957249916728e-02       2.394620790665e+04 
       1.970414786504e-02       2.391514636165e+04 
       1.983586101217e-02       2.388305736585e+04 
       1.996763978646e-02       2.384983533720e+04 
       2.009948539575e-02       2.381560332090e+04 
       2.023139907841e-02       2.378037905757e+04 
       2.036338210404e-02       2.374410666483e+04 
       2.049543577404e-02       2.370682667519e+04 
       2.062756142226e-02       2.366859128757e+04 
       2.075976041572e-02       2.362937471748e+04 
       2.089203415523e-02       2.358925380330e+04 
       2.102438407615e-02       2.354818775988e+04 
       2.115681164912e-02       2.350622074197e+04 
       2.128931838083e-02       2.346334866662e+04 
       2.142190581476e-02       2.341959332267e+04 
       2.155457553205e-02       2.337501209813e+04 
       2.168732915230e-02       2.332956787421e+04 
       2.182016833443e-02       2.328329700896e+04 
       2.195309477760e-02       2.323621055141e+04 
       2.208611022209e-02       2.318834455900e+04 
       2.221921645027e-02       2.313965239045e+04 
       2.235241528757e-02       2.309024399901e+04 
       2.248570860349e-02       2.304010781641e+04 
       2.261909831261e-02       2.298918538222e+04 
       2.275258637571e-02       2.293755079928e+04 
       2.288617480082e-02       2.288519019012e+04 
       2.301986564441e-02       2.283219694344e+04 
       2.315366101251e-02       2.277847648467e+04 
       2.328756306197e-02       2.272407705254e+04 
       2.342157400167e-02       2.266909038737e+04 
       2.355569609382e-02       2.261346062367e+04 
       2.368993165531e-02       2.255716418279e+04 
       2.382428305905e-02       2.250032220569e+04 
       2.395875273540e-02       2.244280163864e+04 
       2.409334317362e-02       2.238476393696e+04 
       2.422805692337e-02       2.232616201204e+04 
       2.436289659631e-02       2.226699919816e+04 
       2.449786486762e-02       2.220726140531e+04 
       2.463296447775e-02       2.214705937167e+04 
       2.476819823405e-02       2.208631311981e+04 
       2.490356901259e-02       2.202509857660e+04 
       2.503907975995e-02       2.196334035366e+04 
       2.517473349512e-02       2.190111807157e+04 
       2.531053331144e-02       2.183844780486e+04 
       2.544648237862e-02       2.177532054156e+04 
       2.558258394480e-02       2.171174321729e+04 
       2.571884133870e-02       2.164774888072e+04 
       2.585525797187e-02       2.158334674711e+04 
       2.599183734095e-02       2.151855863349e+04 
       2.612858303005e-02       2.145331114503e+04 
       2.626549871322e-02       2.138773069774e+04 
       2.640258815698e-02       2.132174776985e+04 
       2.653985522295e-02       2.125543612999e+04 
       2.667730387060e-02       2.118874255500e+04 
       2.681493816000e-02       2.112173664887e+04 
       2.695276225481e-02       2.105439772950e+04 
       2.709078042525e-02       2.098668647304e+04 
       2.722899705126e-02       2.091880705752e+04 
       2.736741662574e-02       2.085052114822e+04 
       2.750604375790e-02       2.078192782911e+04 
       2.764488317674e-02       2.071311667394e+04 
       2.778393973470e-02       2.064403644365e+04 
       2.792321841135e-02       2.057465640494e+04 
       2.806272431734e-02       2.050502284583e+04 
       2.820246269840e-02       2.043518549479e+04 
       2.834243893954e-02       2.036513126518e+04 
       2.848265856939e-02       2.029484737037e+04 
       2.862312726473e-02       2.022432704393e+04 
       2.876385085519e-02       2.015362551857e+04 
       2.890483532810e-02       2.008271246230e+04 
       2.904608683361e-02       2.001160299193e+04 
       2.918761168989e-02       1.994031262589e+04 
       2.932941638869e-02       1.986890210328e+04 
       2.947150760101e-02       1.979728986762e+04 
       2.961389218302e-02       1.972550847153e+04 
       2.975657718228e-02       1.965361347269e+04 
       2.989956984418e-02       1.958153548508e+04 
       3.004287761862e-02       1.950933470057e+04 
       3.018650816701e-02       1.943694923107e+04 
       3.033046936958e-02       1.936459840857e+04 
       3.047476933296e-02       1.929203374722e+04 
       3.061941639815e-02       1.921939570839e+04 
       3.076441914872e-02       1.914661070926e+04 
       3.090978641953e-02       1.907381982914e+04 
       3.105552730572e-02       1.900086299393e+04 
       3.120165117215e-02       1.892788574122e+04 
       3.134816766322e-02       1.885479916999e+04 
       3.149508671325e-02       1.878163058354e+04 
       3.164241855718e-02       1.870839241212e+04 
       3.179017374191e-02       1.863515911917e+04 
       3.193836313807e-02       1.856183627955e+04 
       3.208699795242e-02       1.848850471364e+04 
       3.223608974079e-02       1.841505902929e+04 
       3.238565042168e-02       1.834164191059e+04 
       3.253569229051e-02       1.826813882029e+04 
       3.268622803454e-02       1.819468854472e+04 
       3.283727074859e-02       1.812119694265e+04 
       3.298883395154e-02       1.804763329834e+04 
       3.314093160359e-02       1.797411817933e+04 
       3.329357812450e-02       1.790052920316e+04 
       3.344678841272e-02       1.782697953204e+04 
       3.360057786554e-02       1.775338727642e+04 
       3.375496240030e-02       1.767989246661e+04 
       3.390995847673e-02       1.760628931518e+04 
       3.406558312047e-02       1.753279000578e+04 
       3.422185394792e-02       1.745927745330e+04 
       3.437878919245e-02       1.738571758143e+04 
       3.453640773202e-02       1.731227871725e+04 
       3.469472911841e-02       1.723881259102e+04 
       3.485377360811e-02       1.716535258811e+04 
       3.501356219496e-02       1.709188844329e+04 
       3.517411664469e-02       1.701857421261e+04 
       3.533545953155e-02       1.694514552633e+04 
       3.549761427706e-02       1.687182700375e+04 
       3.566060519116e-02       1.679852634931e+04 
       3.582445751578e-02       1.672525231045e+04 
       3.598919747118e-02       1.665203243089e+04 
       3.615485230521e-02       1.657886034754e+04 
       3.632145034555e-02       1.650575015192e+04 
       3.648902105548e-02       1.643264146632e+04 
       3.665759509312e-02       1.635957364944e+04 
       3.682720437466e-02       1.628658568949e+04 
       3.699788214171e-02       1.621358326100e+04 
       3.716966303328e-02       1.614060500492e+04 
       3.734258316264e-02       1.606765725253e+04 
       3.751668019948e-02       1.599485995302e+04 
       3.769199345784e-02       1.592198971595e+04 
       3.786856399035e-02       1.584921900927e+04 
       3.804643468918e-02       1.577646764471e+04 
       3.822565039444e-02       1.570377973674e+04 
       3.840625801057e-02       1.563105144355e+04 
       3.858830663154e-02       1.555842802630e+04 
       3.877184767555e-02       1.548580589438e+04 
       3.895693503018e-02       1.541320199706e+04 
       3.914362520899e-02       1.534060239300e+04 
       3.933197752056e-02       1.526807154894e+04 
       3.952205425128e-02       1.519555235313e+04 
       3.971392086312e-02       1.512302580911e+04 
       3.990764620803e-02       1.505050664875e+04 
       4.010330276047e-02       1.497798500693e+04 
       4.030096687007e-02       1.490552925849e+04 
       4.050071903643e-02       1.483301154337e+04 
       4.070264420849e-02       1.476049756341e+04 
       4.090683211102e-02       1.468796228416e+04 
       4.111337760134e-02       1.461542336079e+04 
       4.132238105950e-02       1.454285365382e+04 
       4.153394881580e-02       1.447025144739e+04 
       4.174819361998e-02       1.439762112963e+04 
       4.196523515695e-02       1.432491476407e+04 
       4.218520061459e-02       1.425217041537e+04 
       4.240822531014e-02       1.417931381108e+04 
       4.263445338229e-02       1.410642775007e+04 
       4.286403855738e-02       1.403342920302e+04 
       4.309714499939e-02       1.396037082890e+04 
       4.333394825455e-02       1.388715530631e+04 
       4.357463630360e-02       1.381382466116e+04 
       4.381941073619e-02       1.374035607528e+04 
       4.406848806488e-02       1.366672324965e+04 
       4.432210119845e-02       1.359296986347e+04 
       4.458050109805e-02       1.351898774239e+04 
       4.484395864356e-02       1.344477784877e+04 
       4.511276674219e-02       1.337039477172e+04 
       4.538724271743e-02       1.329574166841e+04 
       4.566773102324e-02       1.322081127062e+04 
       4.595460633677e-02       1.314561926506e+04 
       4.624827709326e-02       1.307005313469e+04 
       4.654918953930e-02       1.299418816643e+04 
       4.685783239579e-02       1.291790163884e+04 
       4.717474224094e-02       1.284120998380e+04 
       4.750050974679e-02       1.276402863241e+04 
       4.783578693169e-02       1.268639821772e+04 
       4.818129562704e-02       1.260822416200e+04 
       4.853783740148e-02       1.252945956632e+04 
       4.890630524214e-02       1.244999915966e+04 
       4.928769736367e-02       1.236985257500e+04 
       4.968313360557e-02       1.228893251235e+04 
       5.009387499254e-02       1.220708234296e+04 
       5.052134717760e-02       1.212433825576e+04 
       5.096716867268e-02       1.204051416464e+04 
       5.143318500729e-02       1.195553571053e+04 
       5.192151025585e-02       1.186920911826e+04 
       5.243457775415e-02       1.178141599063e+04 
       5.297520230259e-02       1.169193690552e+04 
       5.354665674144e-02       1.160053947335e+04 
       5.415276648717e-02       1.150701335639e+04 
       5.479802641417e-02       1.141092708826e+04 
       5.548774526651e-02       1.131189672628e+04 
       5.622822336838e-02       1.120948246985e+04 
       5.702696927419e-02       1.110289910169e+04 
       5.789295913302e-02       1.099137159995e+04 
       5.883693691878e-02       1.087372648101e+04 
       5.987174053675e-02       1.074855032066e+04 
       6.101261165531e-02       1.061389178030e+04 
       6.227739600649e-02       1.046703272906e+04 
       6.368645447681e-02       1.030458726655e+04 
       6.526198169263e-02       1.012192746303e+04 
       6.702630730538e-02       9.913285678577e+03 
       6.899877484001e-02       9.671882897255e+03 
       7.119122558461e-02       9.390769765074e+03 
       7.360317752310e-02       9.064447761470e+03 
       7.621904860706e-02       8.691270571053e+03 
       7.900976701472e-02       8.275473400680e+03 
       8.193877243213e-02       7.827858761029e+03 
       8.496944931030e-02       7.364335301745e+03 
       8.807054912876e-02       6.903095717146e+03 
       9.121829563593e-02       6.461605986277e+03 
       9.439598889272e-02       6.054263536679e+03 
       9.759251249585e-02       5.691052653550e+03 
       1.008007204995e-01       5.377184341502e+03 
       1.040161197787e-01       5.113371034575e+03 
       1.072359238514e-01       4.896511429654e+03 
       1.104584191765e-01       4.720567508084e+03 
       1.136825573745e-01       4.577436404082e+03 
       1.169076989396e-01       4.457883223147e+03 
       1.201334544131e-01       4.352383084524e+03 
       1.233595867837e-01       4.251972124580e+03 
       1.265859518162e-01       4.148982727989e+03 
       1.298124616807e-01       4.037710099523e+03 
       1.330390628239e-01       3.914776150151e+03 
       1.362657225205e-01       3.779277530605e+03 
       1.394924207046e-01       3.632552854212e+03 
       1.427191450094e-01       3.477753532129e+03 
       1.459458877552e-01       3.319212280208e+03 
       1.491726441202e-01       3.161769520377e+03 
       1.523994110302e-01       3.010123458338e+03 
       1.556261864823e-01       2.868335381864e+03 
       1.588529691349e-01       2.739454618758e+03 
       1.620797580568e-01       2.625356501553e+03 
       1.653065525749e-01       2.526673979775e+03 
       1.685333521808e-01       2.442902043761e+03 
       1.717601564730e-01       2.372563394853e+03 
       1.749869651217e-01       2.313442871811e+03 
       1.782137778468e-01       2.262840800426e+03 
       1.814405944037e-01       2.217849345680e+03 
       1.846674145743e-01       2.175914677960e+03 
       1.878942381616e-01       2.134467107321e+03 
       1.911210649854e-01       2.091001817762e+03 
       1.943478948798e-01       2.044031227382e+03 
       1.975747276909e-01       1.992820398728e+03 
       2.008015632758e-01       1.937382054118e+03 
       2.040284015011e-01       1.878439795706e+03 
       2.072552422419e-01       1.817194156563e+03 
       2.104820853815e-01       1.755132600203e+03 
       2.137089308102e-01       1.693797383816e+03 
       2.169357784250e-01       1.634604050016e+03 
       2.201626281290e-01       1.578732235676e+03 
       2.233894798310e-01       1.527049293756e+03 
       2.266163334450e-01       1.480094083105e+03 
       2.298431888899e-01       1.438061592725e+03 
       2.330700460891e-01       1.400840595588e+03 
       2.362969049703e-01       1.368024048573e+03 
       2.395237654650e-01       1.338962761886e+03 
       2.427506275084e-01       1.312829946591e+03 
       2.459774910393e-01       1.288709040933e+03 
       2.492043559994e-01       1.265688239831e+03 
       2.524312223337e-01       1.242950948682e+03 
       2.556580899896e-01       1.219837125535e+03 
       2.588849589176e-01       1.195894490154e+03 
       2.621118290703e-01       1.170880883267e+03 
       2.653387004028e-01       1.144754269689e+03 
       2.685655728723e-01       1.117663818307e+03 
       2.717924464381e-01       1.089888246094e+03 
       2.750193210613e-01       1.061844978273e+03 
       2.782461967050e-01       1.033984520202e+03 
       2.814730733339e-01       1.006790584765e+03 
       2.846999509142e-01       9.806922263796e+02 
       2.879268294139e-01       9.560303067065e+02 
       2.911537088021e-01       9.330303474463e+02 
       2.943805890495e-01       9.117727340698e+02 
       2.976074701280e-01       8.922258215635e+02 
       3.008343520107e-01       8.742527494805e+02 
       3.040612346719e-01       8.576449437462e+02 
       3.072881180869e-01       8.421498065580e+02 
       3.105150022321e-01       8.274939245363e+02 
       3.137418870848e-01       8.134021160482e+02 
       3.169687726234e-01       7.996178729224e+02 
       3.201956588269e-01       7.859155877912e+02 
       3.234225456755e-01       7.721253448248e+02 
       3.266494331498e-01       7.581397594024e+02 
       3.298763212314e-01       7.439222489435e+02 
       3.331032099027e-01       7.295066163044e+02 
       3.363300991464e-01       7.149788809683e+02 
       3.395569889463e-01       7.004585203931e+02 
       3.427838792866e-01       6.860805687670e+02 
       3.460107701520e-01       6.719797106903e+02 
       3.492376615280e-01       6.582736211622e+02 
       3.524645534005e-01       6.450650281686e+02 
       3.556914457558e-01       6.324275341112e+02 
       3.589183385809e-01       6.204097668410e+02 
       3.621452318632e-01       6.090289539676e+02 
       3.653721255906e-01       5.982620104139e+02 
       3.685990197512e-01       5.880555477653e+02 
       3.718259143338e-01       5.783310794544e+02 
       3.750528093274e-01       5.689959954446e+02 
       3.782797047215e-01       5.599507569109e+02 
       3.815066005058e-01       5.511119643386e+02 
       3.847334966705e-01       5.424092027361e+02 
       3.879603932060e-01       5.337902805345e+02 
       3.911872901032e-01       5.252222927615e+02 
       3.944141873532e-01       5.166870153253e+02 
       3.976410849472e-01       5.081821142609e+02 
       4.008679828770e-01       4.997170226890e+02 
       4.040948811345e-01       4.913153242406e+02 
       4.073217797119e-01       4.830089051142e+02 
       4.105486786016e-01       4.748378977964e+02 
       4.137755777962e-01       4.668411537070e+02 
       4.170024772887e-01       4.590517220356e+02 
       4.202293770721e-01       4.514930893132e+02 
       4.234562771399e-01       4.441767857171e+02 
       4.266831774854e-01       4.371045857344e+02 
       4.299100781025e-01       4.302698291939e+02 
       4.331369789851e-01       4.236642528338e+02 
       4.363638801272e-01       4.172731736196e+02 
       4.395907815231e-01       4.110802402346e+02 
       4.428176831672e-01       4.050640935539e+02 
       4.460445850541e-01       3.992003993549e+02 
       4.492714871786e-01       3.934627580331e+02 
       4.524983895356e-01       3.878257836145e+02 
       4.557252921201e-01       3.822691691578e+02 
       4.589521949273e-01       3.767796042677e+02 
       4.621790979526e-01       3.713504621568e+02 
       4.654060011913e-01       3.659817575746e+02 
       4.686329046390e-01       3.606771002450e+02 
       4.718598082915e-01       3.554412475162e+02 
       4.750867121445e-01       3.502803802392e+02 
       4.783136161941e-01       3.452020894210e+02 
       4.815405204361e-01       3.402152007902e+02 
       4.847674248668e-01       3.353299236147e+02 
       4.879943294824e-01       3.305562748616e+02 
       4.912212342793e-01       3.259016702158e+02 
       4.944481392538e-01       3.213705339780e+02 
       4.976750444026e-01       3.169608202515e+02 
       5.009019497222e-01       3.126659443389e+02 
       5.041288552094e-01       3.084769695214e+02 
       5.073557608609e-01       3.043833173056e+02 
       5.105826666737e-01       3.003754346959e+02 
       5.138095726446e-01       2.964456053165e+02 
       5.170364787707e-01       2.925864601266e+02 
       5.202633850492e-01       2.887916374356e+02 
       5.234902914771e-01       2.850548915516e+02 
       5.267171980517e-01       2.813705847946e+02 
       5.299441047704e-01       2.777351921525e+02 
       5.331710116305e-01       2.741470601269e+02 
       5.363979186294e-01       2.706082544904e+02 
       5.396248257647e-01       2.671223937077e+02 
       5.428517330339e-01       2.636937657706e+02 
       5.460786404347e-01       2.603257357890e+02 
       5.493055479646e-01       2.570200018735e+02 
       5.525324556216e-01       2.537766703904e+02 
       5.557593634032e-01       2.505948875542e+02 
       5.589862713074e-01       2.474736399002e+02 
       5.622131793320e-01       2.444126062295e+02 
       5.654400874750e-01       2.414113051355e+02 
       5.686669957343e-01       2.384695173048e+02 
       5.718939041081e-01       2.355853190044e+02 
       5.751208125942e-01       2.327557861956e+02 
       5.783477211910e-01       2.299765712132e+02 
       5.815746298964e-01       2.272438242307e+02 
       5.848015387088e-01       2.245541997106e+02 
       5.880284476262e-01       2.219059233198e+02 
       5.912553566472e-01       2.192981565940e+02 
       5.944822657698e-01       2.167304386114e+02 
       5.977091749925e-01       2.142021502973e+02 
       6.009360843137e-01       2.117120797476e+02 
       6.041629937318e-01       2.092585500412e+02 
       6.073899032451e-01       2.068405028218e+02 
       6.106168128523e-01       2.044575562808e+02 
       6.138437225519e-01       2.021103206502e+02 
       6.170706323423e-01       1.997994917891e+02 
       6.202975422222e-01       1.975281204839e+02 
       6.235244521901e-01       1.952956409373e+02 
       6.267513622447e-01       1.931013711788e+02 
       6.299782723847e-01       1.909448696397e+02 
       6.332051826088e-01       1.888226395862e+02 
       6.364320929156e-01       1.867342152556e+02 
       6.396590033040e-01       1.846789535177e+02 
       6.428859137726e-01       1.826566325849e+02 
       6.461128243204e-01       1.806668610246e+02 
       6.493397349460e-01       1.787086965140e+02 
       6.525666456484e-01       1.767807336731e+02 
       6.557935564263e-01       1.748810796063e+02 
       6.590204672788e-01       1.730079230422e+02 
       6.622473782047e-01       1.711605195942e+02 
       6.654742892029e-01       1.693386097209e+02 
       6.687012002723e-01       1.675426827458e+02 
       6.719281114121e-01       1.657731841642e+02 
       6.751550226211e-01       1.640300173734e+02 
       6.783819338983e-01       1.623125082541e+02 
       6.816088452428e-01       1.606197547584e+02 
       6.848357566536e-01       1.589507926052e+02 
       6.880626681299e-01       1.573051422351e+02 
       6.912895796706e-01       1.556830918196e+02 
       6.945164912748e-01       1.540850022767e+02 
       6.977434029418e-01       1.525111856544e+02 
       7.009703146706e-01       1.509613647641e+02 
       7.041972264604e-01       1.494345515196e+02 
       7.074241383102e-01       1.479296502623e+02 
       7.106510502194e-01       1.464456506536e+02 
       7.138779621871e-01       1.449817520132e+02 
       7.171048742126e-01       1.435378459614e+02 
       7.203317862949e-01       1.421141939846e+02 
       7.235586984335e-01       1.407106138909e+02 
       7.267856106274e-01       1.393267609124e+02 
       7.300125228761e-01       1.379620643339e+02 
       7.332394351787e-01       1.366154969704e+02 
       7.364663475345e-01       1.352862235579e+02 
       7.396932599429e-01       1.339739875961e+02 
       7.429201724032e-01       1.326788556075e+02 
       7.461470849147e-01       1.314012890785e+02 
       7.493739974767e-01       1.301413616926e+02 
       7.526009100886e-01       1.288990280902e+02 
       7.558278227497e-01       1.276736276309e+02 
       8.254802149528e-01       1.047529562587e+02 
       9.260319108922e-01       8.070556465321e+01 
       1.085583232910e+00       5.599733730456e+01 
       1.338471399600e+00       3.432166669007e+01 
       1.682644434175e+00       1.991253812736e+01 
       2.118281500243e+00       1.141062251504e+01 
       2.666758264764e+00       6.484977438204e+00 
       3.357249746555e+00       3.658354775023e+00 
       4.226527019677e+00       2.049901809794e+00 
       5.320882268706e+00       1.141598306965e+00 
       6.698593901239e+00       6.321997552708e-01 
       8.433030085560e+00       3.483041898366e-01 
       1.061655587314e+01       1.909876986127e-01 
       1.336545197442e+01       1.042680254059e-01 
       1.682610713072e+01       5.669213689283e-02 
       2.118281384843e+01       3.070657854348e-02 
       2.666758264709e+01       1.657152638658e-02 
       3.357249746555e+01       8.911791040994e-03 
       4.226527019677e+01       4.775772427169e-03 
       5.320882268706e+01       2.550037019180e-03 
       6.698593901239e+01       1.356217643082e-03 
       8.433030085560e+01       7.180055189830e-04 
       1.061655587314e+02       3.779779400397e-04 
       1.336545197442e+02       1.975104274097e-04 
       1.682610713072e+02       1.021767912015e-04 
       2.118281384843e+02       5.212824748575e-05 
       2.666758264709e+02       2.609133041566e-05 
       3.357249746555e+02       1.273488030625e-05 
       4.226527019677e+02       6.029780333551e-06 
       5.320882268706e+02       2.768733912601e-06 
       6.698593901239e+02       1.244954377142e-06 
       8.433030085560e+02       5.608310346762e-07 
       1.061655587314e+03       2.606065587739e-07 
       1.336545197442e+03       1.266961773268e-07 
       1.682610713072e+03       6.288058800514e-08 
       2.118281384843e+03       3.049039406981e-08 
